COUNTS                 NUMBER
2          1  2  3  4  5  6  7  
2          1  2  3  8  9  10  11  
3          4  5  10  11  12  13  14  
1          3  4  5  6  7  15  16  
1          1  2  3  5  12  17  18  
2          4  7  11  14  15  16  19  
1          3  5  6  7  11  15  17  
1          2  6  7  8  10  16  19  
3          3  6  8  9  10  11  16  
1          1  2  6  10  16  19  20  
2          5  8  12  14  16  17  18  
3          1  2  8  11  12  13  17  
2          1  2  3  11  14  17  18  
2          7  8  12  14  16  17  18  
3          1  2  3  4  5  15  17  
5          3  4  5  6  7  13  15  
2          1  5  8  11  12  13  15  
2          2  7  11  14  15  17  19  
6          1  3  6  9  10  11  18  
2          1  2  3  4  5  8  17  
3          1  2  6  8  11  12  13  
2          3  6  9  10  11  13  18  
2          1  2  3  6  9  10  11  
1          7  8  11  14  15  17  19  
2          2  7  11  14  15  16  19  
3          3  5  6  7  8  15  17  
1          3  5  6  7  9  12  15  
3          3  6  9  10  11  13  16  
4          3  5  6  7  9  14  15  
1          3  4  5  6  7  9  15  
3          1  2  6  10  15  16  19  
1          2  8  12  14  16  17  19  
1          3  4  6  9  10  11  20  
3          1  8  9  11  12  13  20  
1          1  2  3  4  5  8  10  
4          2  4  10  11  12  13  14  
1          3  6  9  10  11  17  18  
1          1  4  8  9  11  12  13  
3          7  11  13  14  15  18  19  
1          3  6  9  10  11  13  15  
1          1  2  3  8  17  18  19  
2          7  10  11  14  15  18  19  
4          1  2  3  4  5  6  11  
1          2  6  7  7  10  16  19  
1          8  12  14  16  17  18  19  
3          1  8  9  10  11  13  14  
1          2  5  6  7  10  16  19  
1          1  4  10  11  12  13  14  
2          3  6  9  10  11  12  20  
1          5  7  8  12  14  16  17  
3          1  3  8  9  10  11  12  
1          1  2  8  11  12  13  19  
2          1  2  3  4  5  8  12  
3          1  2  4  8  9  10  11  
3          2  3  7  11  14  15  19  
1          1  8  9  10  11  12  12  
2          3  4  6  9  10  11  16  
3          2  6  10  16  17  18  19  
2          1  8  9  10  11  13  19  
2          1  4  10  11  12  13  18  
1          1  2  3  4  7  17  18  
3          1  5  8  11  12  13  18  
1          8  10  12  14  16  17  20  
2          1  2  8  9  10  11  19  
2          6  8  10  12  14  16  17  
3          1  2  3  9  15  17  18  
2          3  5  6  7  12  14  15  
2          2  6  7  9  10  16  19  
5          6  6  8  12  14  16  17  
1          1  2  3  9  12  17  18  
1          5  8  9  12  14  16  17  
1          7  8  11  12  14  15  19  
3          2  6  10  15  16  17  19  
2          1  2  3  4  5  10  16  
2          2  3  5  6  7  10  15  
1          1  4  8  11  12  13  17  
1          2  5  6  10  16  18  19  
3          4  9  10  11  12  13  18  
2          2  4  8  10  11  12  13  
1          1  2  6  10  16  17  19  
2          1  2  3  4  15  17  18  
1          1  4  9  10  11  12  13  
2          1  2  3  5  8  17  18  
2          1  2  3  4  5  15  19  
1          1  2  3  13  15  17  18  
1          1  2  3  4  5  7  17  
2          3  4  10  11  12  13  18  
1          1  2  8  9  10  11  16  
1          1  2  8  11  12  13  20  
2          1  7  8  9  10  11  19  
3          2  3  6  9  10  11  17  
1          1  2  3  4  5  7  13  
1          2  2  7  11  14  15  19  
1          3  5  6  7  9  11  15  
1          3  6  9  10  11  14  18  
2          1  2  3  8  16  17  18  
1          8  9  12  14  15  16  17  
2          1  2  3  4  5  7  16  
1          1  2  3  4  5  6  6  
2          1  8  9  10  11  14  16  
3          1  2  3  4  8  17  18  
1          1  2  6  8  10  16  19  
2          2  4  7  11  14  15  19  
1          1  2  4  8  11  12  13  
1          3  6  9  10  11  12  19  
1          1  8  11  12  14  16  17  
3          3  7  11  14  15  19  20  
1          5  8  12  14  16  17  19  
1          1  5  7  11  14  15  19  
4          3  5  6  7  11  15  18  
1          3  4  6  9  10  11  12  
2          1  2  3  4  5  6  14  
2          7  11  14  15  17  17  19  
1          1  3  4  5  6  7  15  
1          1  2  3  4  17  18  19  
2          1  8  10  11  12  13  19  
1          8  12  13  14  16  17  19  
4          1  6  8  9  10  11  16  
1          3  6  7  9  10  11  14  
1          1  8  9  11  12  13  19  
1          1  2  3  4  5  10  18  
2          3  5  6  7  15  16  19  
1          3  6  9  10  11  15  19  
1          3  5  6  7  12  15  16  
4          2  4  10  11  12  13  19  
2          1  8  9  10  11  12  19  
3          1  2  3  4  5  17  18  
1          1  3  4  6  9  10  11  
2          1  5  8  11  12  13  17  
1          1  7  11  14  15  16  19  
4          3  5  6  7  8  10  15  
1          1  2  3  4  5  7  19  
2          4  5  7  11  14  15  19  
1          1  8  11  12  13  16  19  
2          7  9  11  14  15  17  19  
1          4  10  11  12  13  15  20  
2          1  6  8  11  12  13  17  
1          1  2  3  4  5  11  15  
1          3  4  10  11  12  13  19  
1          3  5  6  7  9  15  20  
1          4  10  11  12  13  18  19  
2          1  2  3  4  5  9  10  
1          1  5  8  9  10  11  12  
3          3  5  6  7  13  15  17  
1          2  3  6  10  14  16  19  
1          1  3  6  8  11  12  13  
2          4  5  7  10  11  12  13  
1          1  2  6  10  14  16  19  
1          1  2  3  4  5  13  19  
2          1  2  3  16  16  17  18  
1          3  8  12  13  14  16  17  
3          1  6  8  11  12  13  19  
1          4  8  12  14  15  16  17  
1          6  7  11  12  14  15  19  
2          4  10  11  12  13  19  20  
1          1  2  3  4  5  9  16  
2          1  2  6  9  10  16  19  
1          1  2  3  4  5  7  14  
3          4  6  9  10  11  12  13  
1          4  10  11  12  13  14  16  
3          2  4  6  10  11  16  19  
1          1  3  8  11  12  13  16  
1          2  3  6  8  9  10  11  
2          1  2  6  8  9  10  11  
2          4  7  10  11  14  15  19  
1          1  2  3  12  12  17  18  
1          1  2  4  6  10  16  19  
2          1  3  7  8  9  10  11  
2          3  5  6  7  15  16  18  
2          1  2  3  6  11  17  18  
2          3  8  10  12  14  16  17  
3          2  5  6  10  16  17  19  
1          1  2  3  4  5  8  11  
1          4  10  11  12  13  17  19  
1          1  8  9  10  11  15  20  
2          1  6  7  11  14  15  19  
2          1  7  11  14  15  17  19  
1          3  5  6  7  10  15  18  
2          1  2  3  6  16  17  18  
1          1  4  6  10  11  12  13  
1          1  8  11  12  13  14  20  
1          3  5  6  7  11  15  20  
1          1  2  3  4  5  7  9  
4          1  2  3  4  11  17  18  
1          3  5  6  7  13  15  16  
2          3  5  6  7  10  11  15  
2          2  4  6  9  10  16  19  
1          1  8  11  12  13  14  18  
1          1  2  3  15  17  18  19  
2          7  8  11  12  14  16  17  
2          1  2  3  4  5  12  18  
2          4  7  10  11  12  13  14  
1          1  2  3  6  14  17  18  
1          2  8  9  12  14  16  17  
3          4  9  10  11  12  13  15  
2          1  7  8  9  11  12  13  
1          1  8  11  12  13  15  19  
4          7  8  11  13  14  15  19  
4          3  5  6  7  8  11  15  
1          1  2  3  10  17  18  19  
2          1  8  11  12  13  16  17  
2          1  2  3  12  17  18  20  
1          3  7  9  11  14  15  19  
1          3  5  6  9  10  11  18  
1          2  3  5  6  9  10  11  
1          1  2  3  7  14  17  18  
1          3  6  9  10  11  14  19  
2          7  11  13  14  15  17  19  
3          3  4  5  6  7  8  15  
1          1  5  5  8  9  10  11  
1          3  4  5  10  11  12  13  
2          1  2  3  6  12  17  18  
2          1  3  8  9  11  12  13  
2          1  2  3  12  13  17  18  
1          1  8  10  11  12  13  17  
1          4  10  11  12  13  18  20  
2          1  4  6  8  11  12  13  
2          4  6  10  11  12  13  17  
1          1  2  3  6  8  17  18  
4          6  7  11  14  15  16  19  
3          4  7  10  11  12  13  17  
4          6  7  11  13  14  15  19  
2          3  5  6  7  8  15  18  
2          3  5  6  7  10  15  19  
2          1  2  8  11  12  13  18  
1          5  7  11  14  15  17  19  
2          1  2  3  13  17  18  20  
3          1  8  9  10  11  12  13  
1          3  4  5  6  7  15  20  
1          1  4  7  10  11  12  13  
2          1  3  6  9  10  11  19  
2          3  6  9  10  11  12  12  
2          6  8  12  13  14  16  17  
1          1  4  7  11  14  15  19  
1          8  9  12  13  14  16  17  
2          1  2  3  4  5  6  16  
2          2  6  8  10  11  16  19  
1          3  6  9  10  11  12  16  
2          2  6  7  11  14  15  19  
2          3  5  6  7  15  16  17  
2          2  8  10  12  14  16  17  
1          2  4  10  11  12  13  18  
1          3  6  7  9  10  11  18  
1          3  4  6  8  9  10  11  
2          8  10  12  14  16  17  18  
1          3  6  9  10  11  18  18  
1          1  2  3  7  15  17  18  
1          7  9  10  11  14  15  19  
1          1  2  3  13  13  17  18  
2          1  2  3  4  17  18  20  
1          3  5  6  7  11  14  15  
1          1  2  3  4  5  11  12  
2          1  8  9  10  11  12  16  
1          1  2  3  8  9  17  18  
3          3  6  9  10  11  17  19  
1          1  2  3  4  5  8  9  
1          1  7  8  9  10  11  12  
2          1  4  7  8  11  12  13  
3          2  4  6  10  16  18  19  
1          2  7  11  14  15  19  20  
3          1  5  8  11  12  13  19  
1          1  7  11  14  15  18  19  
2          2  8  12  14  16  17  18  
2          1  6  8  9  10  11  14  
5          2  6  10  11  16  17  19  
1          1  2  3  15  17  18  20  
1          1  2  3  9  13  17  18  
1          1  7  10  11  14  15  19  
1          2  4  6  10  14  16  19  
1          1  5  8  9  10  11  18  
1          1  2  3  4  5  14  15  
2          1  4  8  9  10  11  17  
1          8  9  12  14  16  17  19  
1          1  2  3  5  15  17  18  
2          2  3  4  5  6  7  15  
3          1  2  3  4  5  10  12  
1          1  8  11  12  13  16  18  
1          2  3  5  6  10  16  19  
1          8  11  12  14  16  17  20  
1          1  2  3  4  5  18  18  
1          1  8  9  10  11  16  16  
1          4  6  7  11  14  15  19  
1          7  9  11  12  14  15  19  
1          2  5  6  10  15  16  19  
1          2  3  6  9  10  11  16  
2          3  6  9  10  11  13  20  
2          4  7  10  11  12  13  15  
1          1  2  3  4  5  9  17  
2          1  3  8  9  10  11  19  
1          1  5  8  9  10  11  14  
2          3  6  9  10  11  19  20  
2          2  4  6  8  10  16  19  
1          1  2  3  4  5  18  19  
2          4  7  11  12  14  15  19  
1          1  3  5  6  7  15  16  
1          1  3  6  9  10  11  17  
1          1  2  3  7  10  17  18  
1          1  7  8  9  10  11  16  
1          1  3  8  9  10  11  15  
1          3  8  11  12  14  16  17  
1          2  3  5  6  7  14  15  
2          6  7  9  11  14  15  19  
1          1  2  8  9  10  11  14  
1          4  6  10  11  12  13  16  
1          3  6  9  10  11  14  17  
2          1  6  6  8  11  12  13  
2          1  2  8  11  12  13  14  
1          1  2  3  4  5  10  13  
2          1  2  3  8  11  12  13  
1          2  3  4  6  10  16  19  
2          1  2  3  10  15  17  18  
1          5  5  8  12  14  16  17  
1          2  3  3  6  10  16  19  
1          2  3  6  7  10  16  19  
1          7  8  11  14  15  19  20  
2          1  2  3  4  12  17  18  
1          1  2  3  4  5  9  18  
2          1  5  6  8  11  12  13  
2          1  7  8  9  10  11  18  
1          3  6  8  9  10  11  20  
1          1  3  3  8  9  10  11  
2          4  9  10  11  12  13  16  
2          1  2  3  4  5  11  11  
2          8  12  14  15  16  17  20  
1          3  5  6  9  10  11  19  
1          2  4  6  10  12  16  19  
1          8  9  12  14  16  17  18  
1          4  9  10  11  12  13  17  
1          1  2  3  4  5  7  8  
2          1  2  3  4  5  9  12  
2          7  10  11  14  15  16  19  
1          1  2  3  4  5  12  16  
1          1  8  9  10  11  16  17  
2          3  7  8  12  14  16  17  
2          1  4  8  11  12  13  16  
1          4  9  10  11  12  13  19  
2          1  2  3  4  5  16  20  
1          2  3  6  9  10  11  15  
3          4  6  7  10  11  12  13  
1          2  3  4  6  9  10  11  
3          1  3  6  9  10  11  15  
1          1  2  3  4  5  7  20  
2          2  8  11  12  14  16  17  
1          1  8  11  12  13  17  18  
1          2  6  7  10  16  17  19  
1          1  8  10  12  14  16  17  
2          1  8  9  10  11  18  18  
2          1  2  3  4  5  14  18  
2          3  4  7  10  11  12  13  
2          1  3  5  6  7  11  15  
1          1  2  3  6  17  18  19  
1          1  8  9  10  11  15  17  
1          5  7  8  11  14  15  19  
3          2  6  10  11  13  16  19  
2          1  8  9  10  11  14  17  
2          1  2  3  4  5  12  13  
1          1  7  11  14  15  19  20  
2          7  8  9  12  14  16  17  
2          1  8  9  10  11  13  17  
3          1  4  5  10  11  12  13  
1          1  2  3  9  17  18  19  
1          1  8  11  12  13  14  16  
2          7  8  10  11  14  15  19  
1          7  11  14  15  16  16  19  
4          2  6  8  10  16  18  19  
1          3  5  6  7  15  18  19  
1          4  9  10  11  12  13  20  
1          1  6  8  9  10  11  12  
1          2  3  6  9  10  11  13  
2          3  5  6  7  15  17  20  
2          1  8  11  12  13  14  17  
3          4  10  11  12  13  18  18  
2          5  6  7  11  14  15  19  
1          3  5  6  7  11  13  15  
2          3  6  8  9  10  11  19  
3          7  10  11  14  15  17  19  
2          1  4  8  9  10  11  14  
1          1  8  9  12  14  16  17  
1          1  2  7  8  9  10  11  
3          2  6  10  13  13  16  19  
1          3  5  6  7  9  10  11  
2          2  3  8  12  14  16  17  
1          3  4  6  9  10  11  13  
2          1  2  3  4  5  8  20  
1          1  4  10  11  12  13  16  
1          3  5  6  7  15  19  19  
1          1  2  3  7  17  18  19  
2          1  2  3  4  5  12  17  
1          1  4  8  9  10  11  18  
1          1  2  3  4  5  7  15  
4          1  8  9  10  11  12  18  
1          1  2  3  5  17  18  19  
1          1  2  5  8  9  10  11  
1          1  2  6  7  10  16  19  
3          1  2  3  12  16  17  18  
2          1  2  3  7  13  17  18  
2          3  6  7  11  14  15  19  
1          2  3  6  10  13  16  19  
1          1  3  8  11  12  13  17  
1          7  11  12  14  15  16  19  
1          1  1  7  11  14  15  19  
3          1  2  3  5  7  17  18  
1          1  7  8  11  14  15  19  
1          3  6  7  9  10  11  19  
1          4  5  8  12  14  16  17  
4          1  5  8  9  10  11  13  
1          2  4  7  10  11  12  13  
1          8  11  12  14  16  17  18  
1          4  10  11  12  13  15  17  
1          2  6  10  11  12  16  19  
1          3  5  6  7  8  15  19  
1          1  3  8  9  10  11  14  
1          2  6  9  10  14  16  19  
1          7  8  9  11  14  15  19  
1          2  6  10  13  15  16  19  
1          8  10  10  12  14  16  17  
1          4  10  11  12  13  15  16  
1          4  8  11  12  14  16  17  
2          5  7  11  13  14  15  19  
2          1  2  6  10  13  16  19  
2          3  6  7  7  9  10  11  
1          3  5  6  7  10  13  15  
1          4  10  11  12  13  16  18  
1          4  7  10  11  12  13  16  
1          3  4  5  6  7  15  18  
1          1  7  8  11  12  13  15  
3          1  3  5  6  9  10  11  
1          1  2  3  4  5  9  11  
1          1  2  3  4  5  8  16  
1          1  2  3  4  5  6  15  
1          1  2  3  5  14  17  18  
2          3  6  9  10  11  13  17  
2          1  2  3  4  5  10  11  
1          3  4  10  11  12  13  15  
1          1  7  8  11  12  13  18  
1          1  8  9  10  11  15  16  
2          2  6  10  11  14  16  19  
1          3  4  7  11  14  15  19  
1          1  2  3  4  5  6  10  
1          1  8  9  10  11  12  14  
1          7  11  14  15  18  19  20  
1          4  7  10  11  12  13  20  
2          4  7  9  11  14  15  19  
3          1  2  3  4  5  8  13  
1          1  8  11  12  13  16  16  
2          3  8  9  12  14  16  17  
2          3  7  11  12  14  15  19  
2          1  8  9  10  11  18  19  
1          1  2  3  4  5  13  18  
1          1  8  9  10  11  17  18  
1          2  5  8  12  14  16  17  
1          2  3  5  6  7  15  20  
1          2  6  9  10  15  16  19  
1          1  7  8  12  14  16  17  
3          2  6  7  10  16  19  20  
1          8  10  12  13  14  16  17  
2          2  6  8  10  16  17  19  
1          3  5  6  7  9  15  16  
2          3  7  11  14  15  16  19  
1          1  8  9  10  11  13  16  
1          3  8  12  14  16  17  18  
1          1  8  9  10  11  19  19  
1          2  3  5  6  7  15  17  
1          1  2  3  13  14  17  18  
1          3  4  5  6  7  15  17  
1          6  7  11  14  15  19  20  
1          1  2  3  6  15  17  18  
1          1  2  3  4  5  10  15  
1          2  5  7  11  14  15  19  
2          1  8  11  12  13  17  19  
1          4  8  10  11  12  13  15  
1          1  3  6  9  10  11  16  
1          3  5  6  7  14  15  18  
2          3  6  9  10  11  16  19  
2          2  3  6  9  10  11  18  
2          3  5  6  7  15  16  16  
1          1  3  5  6  7  13  15  
1          2  6  8  10  15  16  19  
1          2  6  9  10  13  16  19  
1          3  5  6  7  10  15  20  
3          1  3  8  9  10  11  17  
1          1  7  8  11  12  13  14  
3          1  8  9  10  11  16  19  
1          3  5  6  9  10  11  16  
2          3  5  6  7  14  15  17  
1          7  7  8  12  14  16  17  
2          1  8  9  11  12  13  17  
1          1  2  3  4  5  6  8  
2          1  7  8  9  10  11  15  
1          4  10  11  12  13  14  14  
2          1  2  3  14  17  18  19  
1          8  12  13  14  16  17  20  
1          4  10  11  12  13  14  18  
1          3  6  9  10  11  18  19  
1          6  8  12  14  16  17  18  
1          3  4  5  6  9  10  11  
1          3  6  8  9  10  11  18  
1          1  2  8  9  10  11  12  
1          3  5  6  7  13  15  18  
1          1  2  3  4  5  7  7  
1          1  4  8  11  12  13  15  
2          8  12  14  15  16  17  18  
1          1  4  10  11  12  13  19  
3          1  2  3  13  17  18  19  
1          1  2  3  10  16  17  18  
1          1  2  3  7  9  17  18  
2          6  7  8  12  14  16  17  
1          1  8  11  12  13  16  20  
1          3  5  6  7  14  15  16  
1          3  6  9  10  11  14  15  
1          1  2  3  14  16  17  18  
1          2  6  9  10  12  16  19  
1          2  6  10  16  18  18  19  
2          1  2  3  7  8  17  18  
1          8  12  14  15  16  17  19  
1          3  5  6  7  15  18  18  
3          2  4  10  11  12  13  16  
1          1  5  8  9  10  11  19  
1          1  3  6  9  10  11  13  
1          1  6  8  12  14  16  17  
1          4  10  11  12  13  14  15  
1          6  8  9  12  14  16  17  
1          2  6  10  12  14  16  19  
1          2  6  9  10  16  18  19  
2          1  8  10  11  12  13  20  
1          1  2  3  4  5  10  19  
1          3  7  8  11  14  15  19  
1          7  11  13  13  14  15  19  
1          2  3  4  10  11  12  13  
1          1  2  3  4  5  16  17  
1          7  8  11  14  15  18  19  
2          1  3  8  10  11  12  13  
1          1  2  3  4  5  14  19  
1          4  8  10  11  12  13  17  
1          1  2  3  4  5  18  20  
1          1  8  9  10  11  16  20  
1          2  4  5  10  11  12  13  
1          2  6  7  10  16  18  19  
1          3  6  7  9  10  11  16  
2          1  8  9  10  11  15  15  
2          1  2  3  10  14  17  18  
1          3  4  10  11  12  13  20  
1          3  6  9  10  11  16  18  
1          1  2  8  10  11  12  13  
1          7  9  11  13  14  15  19  
1          4  4  7  11  14  15  19  
1          1  2  7  11  14  15  19  
1          2  3  6  10  16  17  19  
2          1  2  3  4  5  6  19  
1          3  6  9  10  11  15  17  
1          8  12  13  13  14  16  17  
1          8  11  12  14  15  16  17  
1          3  6  7  9  10  11  20  
2          1  4  8  12  14  16  17  
1          1  2  3  4  5  11  14  
1          1  3  4  10  11  12  13  
2          2  8  12  14  15  16  17  
2          4  7  11  14  15  17  19  
1          1  8  11  12  13  18  18  
3          1  3  6  8  9  10  11  
1          1  8  11  12  13  15  18  
1          1  2  3  10  17  18  20  
1          1  7  8  9  10  11  17  
1          5  7  11  14  15  19  20  
1          3  4  5  6  7  14  15  
1          1  3  5  6  7  10  15  
1          1  7  8  9  10  11  20  
1          5  8  10  12  14  16  17  
1          1  4  8  9  10  11  12  
2          3  5  6  7  9  15  17  
1          1  2  3  6  6  17  18  
1          1  8  10  10  11  12  13  
1          2  6  8  9  10  16  19  
1          1  6  7  8  9  10  11  
3          1  2  3  4  5  6  9  
1          2  3  5  6  7  9  15  
1          3  4  6  10  11  12  13  
1          1  7  11  13  14  15  19  
1          8  11  12  13  14  16  17  
1          3  6  9  10  11  17  17  
1          1  8  10  11  12  13  14  
1          1  2  3  9  14  17  18  
2          1  8  11  12  13  17  17  
1          1  4  8  11  12  13  19  
2          2  5  6  10  11  16  19  
1          1  3  5  6  7  14  15  
1          1  4  8  11  12  13  20  
2          2  3  6  9  10  16  19  
1          1  2  3  4  5  17  19  
1          6  7  8  11  14  15  19  
1          1  2  8  9  10  11  13  
1          4  10  11  12  13  16  20  
1          1  2  3  4  5  7  18  
1          1  2  3  5  17  18  20  
1          2  6  8  10  13  16  19  
1          8  10  11  12  14  16  17  
1          3  5  6  7  9  15  18  
1          1  2  3  4  5  11  18  
1          3  5  6  9  10  11  14  
2          7  8  12  14  15  16  17  
1          1  4  10  11  12  13  20  
1          1  2  3  4  4  17  18  
1          1  2  3  4  5  6  13  
1          1  2  3  4  5  6  17  
1          2  4  10  11  12  13  20  
1          1  2  3  8  17  18  20  
1          1  3  3  8  11  12  13  
1          4  10  11  12  13  16  17  
1          1  3  8  11  12  13  19  
1          2  6  9  10  16  17  19  
1          3  6  7  9  10  11  17  
1          1  8  11  12  13  18  19  
1          2  7  11  13  14  15  19  
1          2  4  6  10  11  12  13  
1          1  8  9  10  11  17  19  
1          3  6  9  10  11  16  17  
1          3  5  6  9  10  11  12  
1          3  5  8  12  14  16  17  
1          1  2  3  4  5  16  19  
1          4  7  11  14  15  18  19  
1          1  2  3  11  15  17  18  
1          1  2  3  7  16  17  18  
1          3  6  8  9  10  11  13  
1          1  8  11  12  13  15  20  
1          3  6  9  10  11  12  14  
1          6  8  12  14  15  16  17  
1          1  1  3  6  9  10  11  
1          1  8  12  14  16  17  19  
1          3  6  8  12  14  16  17  
1          1  2  3  4  5  9  9  
1          1  2  6  10  16  18  19  
1          2  7  11  14  15  18  19  
1          1  5  5  8  11  12  13  
1          1  6  8  11  12  13  18  
1          1  2  8  9  10  11  18  
1          4  5  10  11  12  13  19  
1          6  8  12  14  16  17  19  
1          7  10  11  12  14  15  19  
1          8  10  12  14  15  16  17  
1          3  5  6  9  10  11  13  
1          1  3  8  9  10  11  18  
1          7  10  11  14  15  19  20  
1          1  8  9  10  11  12  15  
1          1  8  9  10  11  14  18  
1          3  7  10  11  14  15  19  
1          3  6  7  9  10  11  15  
1          3  6  9  10  11  14  16  
1          1  2  3  4  5  11  13  
1          1  5  6  8  9  10  11  
1          1  2  3  4  5  14  16  
1          4  7  8  11  14  15  19  
1          1  4  6  8  9  10  11  
1          1  4  10  11  12  13  17  
1          1  2  3  12  17  18  19  
1          1  8  9  10  11  13  18  
1          3  4  6  9  10  11  15  
1          3  6  8  9  10  11  15  
1          2  3  6  9  10  11  19  
1          1  3  7  11  14  15  19  
1          4  10  11  12  13  19  19  
1          1  2  3  10  13  17  18  
1          4  6  10  11  12  13  19  
1          1  8  9  10  11  14  14  
