NUMBERS:
1  2  3  4  5  6  7  
1  2  3  8  9  10  11  
4  5  10  11  12  13  14  
3  4  5  6  7  15  16  
1  2  3  5  12  17  18  
4  7  11  14  15  16  19  
3  5  6  7  11  15  17  
2  6  7  8  10  16  19  
3  6  8  9  10  11  16  
1  2  6  10  16  19  20  
5  8  12  14  16  17  18  
1  2  8  11  12  13  17  
1  2  3  11  14  17  18  
7  8  12  14  16  17  18  
1  2  3  4  5  15  17  
3  4  5  6  7  13  15  
1  5  8  11  12  13  15  
2  7  11  14  15  17  19  
3  6  8  9  10  11  16  
1  3  6  9  10  11  18  
1  2  3  4  5  8  17  
1  2  6  8  11  12  13  
3  6  9  10  11  13  18  
1  2  3  6  9  10  11  
7  8  11  14  15  17  19  
2  7  11  14  15  16  19  
3  5  6  7  8  15  17  
3  5  6  7  9  12  15  
3  6  9  10  11  13  16  
3  5  6  7  9  14  15  
3  4  5  6  7  9  15  
1  2  6  10  15  16  19  
2  8  12  14  16  17  19  
3  4  6  9  10  11  20  
1  8  9  11  12  13  20  
1  2  3  4  5  8  10  
2  4  10  11  12  13  14  
3  6  9  10  11  17  18  
1  4  8  9  11  12  13  
7  11  13  14  15  18  19  
3  6  9  10  11  13  15  
1  2  3  8  17  18  19  
7  10  11  14  15  18  19  
1  3  6  9  10  11  18  
1  2  3  4  5  6  11  
2  6  7  7  10  16  19  
8  12  14  16  17  18  19  
1  8  9  10  11  13  14  
2  5  6  7  10  16  19  
1  4  10  11  12  13  14  
3  6  9  10  11  12  20  
5  7  8  12  14  16  17  
1  3  8  9  10  11  12  
1  2  8  11  12  13  19  
1  2  3  4  5  8  12  
1  2  4  8  9  10  11  
2  3  7  11  14  15  19  
1  8  9  10  11  12  12  
3  4  6  9  10  11  16  
2  6  10  16  17  18  19  
1  8  9  10  11  13  19  
1  4  10  11  12  13  18  
1  2  3  4  7  17  18  
1  5  8  11  12  13  18  
8  10  12  14  16  17  20  
1  2  8  9  10  11  19  
6  8  10  12  14  16  17  
1  2  3  9  15  17  18  
3  5  6  7  12  14  15  
2  6  7  9  10  16  19  
6  6  8  12  14  16  17  
1  2  3  4  5  15  17  
1  2  3  9  12  17  18  
5  8  9  12  14  16  17  
7  8  11  12  14  15  19  
2  6  10  15  16  17  19  
1  2  3  4  5  10  16  
2  3  5  6  7  10  15  
1  4  8  11  12  13  17  
2  5  6  10  16  18  19  
4  9  10  11  12  13  18  
2  4  8  10  11  12  13  
1  2  6  10  16  17  19  
1  2  3  4  15  17  18  
1  4  9  10  11  12  13  
1  2  3  5  8  17  18  
1  2  3  4  5  15  19  
1  2  3  13  15  17  18  
1  2  3  4  5  7  17  
3  4  10  11  12  13  18  
1  2  8  9  10  11  16  
1  2  8  11  12  13  20  
1  7  8  9  10  11  19  
2  3  6  9  10  11  17  
2  6  10  15  16  17  19  
1  2  3  4  5  7  13  
2  2  7  11  14  15  19  
3  5  6  7  9  11  15  
3  6  9  10  11  14  18  
1  2  3  8  16  17  18  
8  9  12  14  15  16  17  
1  2  3  4  5  7  16  
1  2  3  4  5  6  6  
1  8  9  10  11  14  16  
2  4  10  11  12  13  14  
1  2  3  4  8  17  18  
1  2  6  8  10  16  19  
2  4  7  11  14  15  19  
1  2  4  8  11  12  13  
3  6  9  10  11  12  19  
1  8  11  12  14  16  17  
3  7  11  14  15  19  20  
5  8  12  14  16  17  19  
1  5  7  11  14  15  19  
3  5  6  7  11  15  18  
3  4  6  9  10  11  12  
1  2  3  4  5  6  14  
7  11  14  15  17  17  19  
1  3  4  5  6  7  15  
1  2  3  4  17  18  19  
1  8  10  11  12  13  19  
8  12  13  14  16  17  19  
1  6  8  9  10  11  16  
3  6  7  9  10  11  14  
1  8  9  11  12  13  19  
2  6  7  9  10  16  19  
1  2  3  4  5  10  18  
3  5  6  7  15  16  19  
3  6  9  10  11  15  19  
3  5  6  7  12  15  16  
2  4  10  11  12  13  19  
1  8  9  10  11  12  19  
1  2  3  4  5  17  18  
1  3  4  6  9  10  11  
1  5  8  11  12  13  17  
1  7  11  14  15  16  19  
3  5  6  7  8  10  15  
1  2  3  4  5  7  19  
4  5  7  11  14  15  19  
2  4  10  11  12  13  19  
1  8  11  12  13  16  19  
3  6  9  10  11  12  20  
7  9  11  14  15  17  19  
4  10  11  12  13  15  20  
1  6  8  11  12  13  17  
1  2  3  4  5  11  15  
3  4  10  11  12  13  19  
2  3  6  9  10  11  17  
3  5  6  7  9  15  20  
4  10  11  12  13  18  19  
1  2  3  4  5  9  10  
2  6  10  16  17  18  19  
1  5  8  9  10  11  12  
3  5  6  7  13  15  17  
5  8  12  14  16  17  18  
2  3  6  10  14  16  19  
1  3  6  8  11  12  13  
4  5  7  10  11  12  13  
1  2  6  10  14  16  19  
1  2  3  4  5  13  19  
1  2  3  16  16  17  18  
3  8  12  13  14  16  17  
1  6  8  11  12  13  19  
4  8  12  14  15  16  17  
6  7  11  12  14  15  19  
4  10  11  12  13  19  20  
1  2  3  4  5  9  16  
1  2  6  9  10  16  19  
1  2  3  4  5  7  14  
4  6  9  10  11  12  13  
4  10  11  12  13  14  16  
2  4  6  10  11  16  19  
1  3  8  11  12  13  16  
2  3  6  8  9  10  11  
3  5  6  7  11  15  18  
1  2  6  8  9  10  11  
4  7  10  11  14  15  19  
1  2  3  12  12  17  18  
1  2  4  6  10  16  19  
1  3  7  8  9  10  11  
3  5  6  7  15  16  18  
1  2  3  6  11  17  18  
3  8  10  12  14  16  17  
2  5  6  10  16  17  19  
4  9  10  11  12  13  18  
1  2  3  4  5  8  11  
4  10  11  12  13  17  19  
1  8  9  10  11  15  20  
1  6  7  11  14  15  19  
1  7  11  14  15  17  19  
3  5  6  7  10  15  18  
1  2  3  6  16  17  18  
1  4  6  10  11  12  13  
1  8  11  12  13  14  20  
3  5  6  7  11  15  20  
1  2  3  4  5  7  9  
1  2  3  4  11  17  18  
3  5  6  7  13  15  16  
3  7  11  14  15  19  20  
3  5  6  7  10  11  15  
2  4  6  9  10  16  19  
1  8  11  12  13  14  18  
1  2  3  15  17  18  19  
7  8  11  12  14  16  17  
1  2  3  4  5  12  18  
4  7  10  11  12  13  14  
1  2  3  6  14  17  18  
7  8  12  14  16  17  18  
2  4  10  11  12  13  14  
1  2  6  10  15  16  19  
2  8  9  12  14  16  17  
4  9  10  11  12  13  15  
1  7  8  9  11  12  13  
1  8  11  12  13  15  19  
7  8  11  13  14  15  19  
3  5  6  7  8  11  15  
1  2  3  10  17  18  19  
1  8  11  12  13  16  17  
1  2  3  4  11  17  18  
1  2  3  12  17  18  20  
3  7  9  11  14  15  19  
3  5  6  9  10  11  18  
2  3  5  6  9  10  11  
1  2  3  7  14  17  18  
3  6  9  10  11  14  19  
7  11  13  14  15  17  19  
2  5  6  10  16  17  19  
3  4  5  6  7  8  15  
1  5  5  8  9  10  11  
3  5  6  7  13  15  17  
3  4  5  10  11  12  13  
1  2  3  6  12  17  18  
1  3  8  9  11  12  13  
1  2  3  16  16  17  18  
1  2  3  12  13  17  18  
1  8  10  11  12  13  17  
4  10  11  12  13  18  20  
1  4  6  8  11  12  13  
4  6  10  11  12  13  17  
1  2  3  6  8  17  18  
3  8  10  12  14  16  17  
6  6  8  12  14  16  17  
6  7  11  14  15  16  19  
1  7  11  14  15  17  19  
4  7  10  11  12  13  17  
6  7  11  13  14  15  19  
3  5  6  7  8  15  18  
3  5  6  7  10  15  19  
1  2  8  11  12  13  18  
5  7  11  14  15  17  19  
3  5  6  7  9  14  15  
1  2  3  13  17  18  20  
2  4  10  11  12  13  19  
1  8  9  10  11  12  13  
3  4  5  6  7  15  20  
1  4  7  10  11  12  13  
7  11  13  14  15  18  19  
1  3  6  9  10  11  19  
1  8  9  11  12  13  20  
3  6  9  10  11  12  12  
6  8  12  13  14  16  17  
1  4  7  11  14  15  19  
8  9  12  13  14  16  17  
1  2  3  4  5  6  16  
2  6  8  10  11  16  19  
1  2  3  4  5  6  11  
3  6  9  10  11  12  16  
1  8  9  10  11  12  13  
2  6  7  11  14  15  19  
3  5  6  7  15  16  17  
2  8  10  12  14  16  17  
2  4  10  11  12  13  18  
3  6  7  9  10  11  18  
4  9  10  11  12  13  18  
3  4  6  8  9  10  11  
8  10  12  14  16  17  18  
3  6  9  10  11  18  18  
1  2  3  7  15  17  18  
2  4  6  10  11  16  19  
7  9  10  11  14  15  19  
1  2  3  4  5  15  19  
8  10  12  14  16  17  18  
1  2  3  13  13  17  18  
1  2  3  4  17  18  20  
3  5  6  7  11  14  15  
4  10  11  12  13  19  20  
3  5  6  7  8  15  17  
1  2  3  4  5  11  12  
1  8  9  10  11  12  16  
1  2  3  4  8  17  18  
1  2  3  8  9  17  18  
3  6  9  10  11  17  19  
1  2  3  4  5  8  9  
1  7  8  9  10  11  12  
1  4  7  8  11  12  13  
2  4  6  10  16  18  19  
6  8  12  13  14  16  17  
2  7  11  14  15  19  20  
1  2  3  12  13  17  18  
1  5  8  11  12  13  19  
1  7  11  14  15  18  19  
2  8  12  14  16  17  18  
1  6  8  9  10  11  14  
2  6  10  11  16  17  19  
1  2  3  4  5  10  16  
1  2  3  15  17  18  20  
1  2  3  9  13  17  18  
1  7  10  11  14  15  19  
2  4  6  10  14  16  19  
1  5  8  9  10  11  18  
1  2  3  4  5  14  15  
1  4  8  9  10  11  17  
8  9  12  14  16  17  19  
1  2  3  11  14  17  18  
1  2  3  5  15  17  18  
1  2  3  4  5  17  18  
2  3  4  5  6  7  15  
3  5  6  7  8  11  15  
1  2  3  4  5  10  12  
1  8  11  12  13  16  18  
2  3  5  6  10  16  19  
8  11  12  14  16  17  20  
1  2  3  4  5  18  18  
1  8  9  10  11  16  16  
4  6  7  11  14  15  19  
7  9  11  12  14  15  19  
2  5  6  10  15  16  19  
2  3  6  9  10  11  16  
3  6  9  10  11  13  20  
4  7  10  11  12  13  15  
1  2  3  4  5  9  17  
2  6  10  11  16  17  19  
1  3  8  9  10  11  19  
1  5  8  9  10  11  14  
3  5  6  7  10  11  15  
3  6  9  10  11  19  20  
1  2  8  11  12  13  17  
2  3  7  11  14  15  19  
2  4  6  8  10  16  19  
1  2  3  4  5  18  19  
4  7  11  12  14  15  19  
1  3  5  6  7  15  16  
1  3  6  9  10  11  17  
1  2  3  7  10  17  18  
1  7  8  9  10  11  16  
1  3  8  9  10  11  15  
2  4  6  10  11  16  19  
3  8  11  12  14  16  17  
2  3  5  6  7  14  15  
6  7  9  11  14  15  19  
1  2  4  8  9  10  11  
1  3  6  9  10  11  18  
1  2  8  9  10  11  14  
4  6  10  11  12  13  16  
3  6  9  10  11  14  17  
1  6  6  8  11  12  13  
1  2  8  11  12  13  14  
1  2  3  4  5  10  13  
1  2  3  8  11  12  13  
2  3  4  6  10  16  19  
2  4  8  10  11  12  13  
1  2  3  10  15  17  18  
1  2  6  8  11  12  13  
5  5  8  12  14  16  17  
2  3  3  6  10  16  19  
2  3  6  7  10  16  19  
7  8  11  14  15  19  20  
1  2  3  4  12  17  18  
1  2  3  4  5  9  18  
1  5  6  8  11  12  13  
1  7  8  9  10  11  18  
3  6  8  9  10  11  20  
4  5  7  11  14  15  19  
3  5  6  7  15  16  19  
1  3  3  8  9  10  11  
1  2  3  10  15  17  18  
4  9  10  11  12  13  16  
1  5  6  8  11  12  13  
4  5  10  11  12  13  14  
1  8  9  11  12  13  20  
1  2  3  4  5  11  11  
8  12  14  15  16  17  20  
3  5  6  9  10  11  19  
2  4  6  10  12  16  19  
8  9  12  14  16  17  18  
4  9  10  11  12  13  17  
1  2  3  4  5  7  8  
1  2  3  4  5  9  12  
7  10  11  14  15  16  19  
1  2  3  4  5  12  16  
1  8  9  10  11  16  17  
3  4  5  6  7  8  15  
3  7  8  12  14  16  17  
1  4  8  11  12  13  16  
1  2  6  8  9  10  11  
4  9  10  11  12  13  19  
1  6  8  9  10  11  16  
8  12  14  15  16  17  20  
1  2  3  4  5  16  20  
2  3  6  9  10  11  15  
4  6  7  10  11  12  13  
2  3  4  6  9  10  11  
1  3  6  9  10  11  15  
1  2  3  4  5  7  20  
2  8  11  12  14  16  17  
2  6  10  11  16  17  19  
1  8  11  12  13  17  18  
3  6  9  10  11  13  18  
1  5  8  11  12  13  18  
2  6  7  10  16  17  19  
1  8  10  12  14  16  17  
1  8  9  10  11  18  18  
1  5  8  11  12  13  15  
1  3  8  9  11  12  13  
2  6  10  16  17  18  19  
1  2  3  4  5  14  18  
3  4  7  10  11  12  13  
1  2  3  4  5  10  12  
1  3  5  6  7  11  15  
1  2  3  6  17  18  19  
1  8  9  10  11  15  17  
5  7  8  11  14  15  19  
2  6  10  11  13  16  19  
1  8  9  10  11  14  17  
1  2  3  4  5  12  13  
1  7  11  14  15  19  20  
7  8  9  12  14  16  17  
1  8  9  10  11  13  17  
1  4  5  10  11  12  13  
1  2  3  9  17  18  19  
4  9  10  11  12  13  15  
1  2  3  4  5  9  12  
3  6  9  10  11  17  19  
1  8  11  12  13  14  16  
7  8  10  11  14  15  19  
2  6  7  11  14  15  19  
3  5  6  7  15  16  17  
4  6  7  10  11  12  13  
1  8  9  10  11  12  16  
7  11  14  15  16  16  19  
2  4  10  11  12  13  19  
2  6  8  10  16  18  19  
1  6  8  9  10  11  16  
1  5  8  11  12  13  17  
3  5  6  7  15  18  19  
1  4  6  8  11  12  13  
1  4  8  9  10  11  17  
4  9  10  11  12  13  20  
1  2  3  9  15  17  18  
1  6  8  9  10  11  12  
7  8  11  13  14  15  19  
2  3  6  9  10  11  13  
1  2  3  8  9  10  11  
4  7  10  11  12  13  15  
3  5  6  7  15  17  20  
4  7  11  14  15  16  19  
1  8  11  12  13  14  17  
4  10  11  12  13  18  18  
5  6  7  11  14  15  19  
3  5  6  7  11  13  15  
3  6  8  9  10  11  19  
7  10  11  14  15  17  19  
2  8  11  12  14  16  17  
1  4  8  9  10  11  14  
1  8  9  12  14  16  17  
4  5  7  10  11  12  13  
2  4  6  9  10  16  19  
3  5  6  7  8  10  15  
1  2  7  8  9  10  11  
2  6  10  13  13  16  19  
1  2  4  8  9  10  11  
3  5  6  7  9  10  11  
2  3  8  12  14  16  17  
3  4  6  9  10  11  13  
1  2  3  6  16  17  18  
3  6  9  10  11  13  16  
1  2  3  4  5  8  20  
4  7  10  11  12  13  14  
1  8  9  10  11  18  18  
1  4  10  11  12  13  16  
3  5  6  7  15  19  19  
1  2  3  7  17  18  19  
1  2  3  4  5  12  17  
1  4  8  9  10  11  18  
1  2  3  4  5  7  15  
6  8  10  12  14  16  17  
1  8  9  10  11  12  18  
1  2  3  5  17  18  19  
1  2  5  8  9  10  11  
2  4  7  11  14  15  19  
1  2  3  4  5  16  20  
1  2  6  7  10  16  19  
1  2  3  12  16  17  18  
1  2  3  7  13  17  18  
3  6  7  11  14  15  19  
4  6  9  10  11  12  13  
2  3  6  10  13  16  19  
1  3  8  11  12  13  17  
7  11  12  14  15  16  19  
1  2  3  4  5  17  18  
1  1  7  11  14  15  19  
2  7  11  14  15  17  19  
1  2  3  5  7  17  18  
1  8  11  12  13  16  17  
1  7  8  11  14  15  19  
3  6  7  9  10  11  19  
4  5  8  12  14  16  17  
1  5  8  9  10  11  13  
1  8  10  11  12  13  19  
2  4  7  10  11  12  13  
3  5  6  7  11  15  18  
8  11  12  14  16  17  18  
4  10  11  12  13  15  17  
2  6  10  11  12  16  19  
1  3  6  9  10  11  18  
3  5  6  7  8  15  19  
1  3  8  9  10  11  14  
1  3  5  6  7  11  15  
3  4  6  9  10  11  16  
2  6  9  10  14  16  19  
7  8  9  11  14  15  19  
2  6  10  13  15  16  19  
6  7  11  13  14  15  19  
3  5  6  7  12  14  15  
8  10  10  12  14  16  17  
4  10  11  12  13  15  16  
1  2  3  12  17  18  20  
1  4  8  11  12  13  16  
4  8  11  12  14  16  17  
1  6  8  11  12  13  19  
1  8  9  10  11  13  14  
5  7  11  13  14  15  19  
1  2  6  10  13  16  19  
3  6  7  7  9  10  11  
2  8  10  12  14  16  17  
3  5  6  7  10  13  15  
4  10  11  12  13  16  18  
1  2  3  4  5  6  14  
4  7  10  11  12  13  16  
3  4  5  6  7  15  18  
1  7  8  11  12  13  15  
1  3  5  6  9  10  11  
1  2  3  4  8  17  18  
1  2  3  4  5  9  11  
1  2  3  4  5  8  16  
1  2  3  4  5  6  15  
1  2  3  5  14  17  18  
3  6  9  10  11  13  17  
1  2  3  4  5  10  11  
3  4  10  11  12  13  15  
1  2  3  9  15  17  18  
1  4  7  8  11  12  13  
1  7  8  11  12  13  18  
1  8  9  10  11  15  16  
2  6  10  11  14  16  19  
3  4  7  11  14  15  19  
1  2  3  4  12  17  18  
1  2  3  13  17  18  20  
1  2  3  4  5  6  10  
1  8  9  10  11  12  14  
7  11  14  15  18  19  20  
4  7  10  11  12  13  20  
4  7  9  11  14  15  19  
1  2  3  4  5  8  13  
1  8  11  12  13  16  16  
2  3  8  12  14  16  17  
3  8  9  12  14  16  17  
1  3  8  9  10  11  19  
1  6  8  9  10  11  14  
6  7  9  11  14  15  19  
1  3  8  9  10  11  12  
3  7  11  12  14  15  19  
4  6  7  10  11  12  13  
1  8  9  10  11  18  19  
1  2  3  4  5  13  18  
1  8  9  10  11  17  18  
2  5  8  12  14  16  17  
2  3  5  6  7  15  20  
7  11  13  14  15  18  19  
3  6  9  10  11  19  20  
2  6  9  10  15  16  19  
1  2  3  4  5  9  10  
1  2  3  8  16  17  18  
1  7  8  12  14  16  17  
2  6  7  10  16  19  20  
2  6  8  10  16  18  19  
2  4  6  8  10  16  19  
8  10  12  13  14  16  17  
2  6  8  10  16  17  19  
6  6  8  12  14  16  17  
1  2  3  4  5  6  16  
3  5  6  7  9  15  16  
1  2  3  6  12  17  18  
1  4  5  10  11  12  13  
2  4  6  10  16  18  19  
7  8  10  11  14  15  19  
3  7  11  14  15  16  19  
1  8  9  10  11  13  16  
3  8  12  14  16  17  18  
1  8  9  10  11  19  19  
1  3  6  9  10  11  18  
2  3  5  6  7  15  17  
1  2  3  13  14  17  18  
3  4  5  6  7  15  17  
2  6  8  10  16  18  19  
6  7  11  14  15  19  20  
1  2  3  6  15  17  18  
6  7  11  14  15  16  19  
2  4  6  10  16  18  19  
1  2  3  4  5  10  15  
3  7  11  12  14  15  19  
2  5  7  11  14  15  19  
1  8  11  12  13  17  19  
4  8  10  11  12  13  15  
1  3  6  9  10  11  16  
3  5  6  7  14  15  18  
3  6  9  10  11  16  19  
1  3  6  9  10  11  15  
2  3  6  9  10  11  18  
1  2  3  12  16  17  18  
3  5  6  7  15  16  16  
1  3  5  6  7  13  15  
2  5  6  10  16  17  19  
2  6  8  10  15  16  19  
1  3  6  9  10  11  15  
2  6  9  10  13  16  19  
3  5  6  7  10  15  20  
1  3  8  9  10  11  17  
1  7  8  11  12  13  14  
1  5  8  11  12  13  19  
1  8  9  10  11  16  19  
3  5  6  9  10  11  16  
3  5  6  7  14  15  17  
2  6  7  10  16  19  20  
7  7  8  12  14  16  17  
1  8  9  11  12  13  17  
1  2  3  4  5  6  8  
1  7  8  9  10  11  15  
1  2  3  8  11  12  13  
4  10  11  12  13  14  14  
1  2  3  14  17  18  19  
8  12  13  14  16  17  20  
4  10  11  12  13  14  18  
1  5  8  9  10  11  13  
7  8  11  13  14  15  19  
3  6  9  10  11  18  19  
6  8  12  14  16  17  18  
3  4  5  6  9  10  11  
3  6  8  9  10  11  18  
4  6  10  11  12  13  17  
3  5  6  7  9  14  15  
1  2  8  9  10  11  12  
3  5  6  7  13  15  18  
1  2  3  4  5  7  7  
3  5  6  7  10  15  19  
1  4  8  11  12  13  15  
3  6  9  10  11  13  17  
8  12  14  15  16  17  18  
1  4  10  11  12  13  19  
3  5  6  7  15  17  20  
1  2  3  13  17  18  19  
7  10  11  14  15  17  19  
1  2  3  10  16  17  18  
1  3  8  9  10  11  17  
1  2  3  7  9  17  18  
1  7  8  9  11  12  13  
6  7  8  12  14  16  17  
1  8  11  12  13  16  20  
2  6  8  10  16  18  19  
2  6  10  11  16  17  19  
3  5  6  7  14  15  16  
1  2  3  4  5  6  11  
3  5  6  7  15  16  18  
1  2  8  11  12  13  14  
3  5  6  7  8  15  18  
3  6  9  10  11  14  15  
1  2  3  14  16  17  18  
4  7  11  12  14  15  19  
4  7  10  11  12  13  17  
2  6  9  10  12  16  19  
1  2  3  4  5  12  17  
2  3  6  9  10  11  17  
1  2  3  7  13  17  18  
2  6  10  16  18  18  19  
2  6  7  10  16  19  20  
1  3  7  8  9  10  11  
3  8  9  12  14  16  17  
1  3  6  9  10  11  19  
1  2  3  7  8  17  18  
2  6  10  13  13  16  19  
1  5  8  11  12  13  18  
1  2  3  12  16  17  18  
8  12  14  15  16  17  19  
1  8  11  12  13  14  17  
1  8  9  10  11  16  19  
3  5  6  7  15  18  18  
2  4  10  11  12  13  16  
3  6  9  10  11  13  20  
1  5  8  9  10  11  19  
1  3  6  9  10  11  13  
1  6  8  12  14  16  17  
4  10  11  12  13  14  15  
6  8  9  12  14  16  17  
2  6  10  12  14  16  19  
6  7  11  13  14  15  19  
1  8  9  11  12  13  17  
2  4  10  11  12  13  16  
2  6  9  10  16  18  19  
1  8  10  11  12  13  20  
3  4  7  10  11  12  13  
1  2  3  4  5  10  19  
3  7  8  11  14  15  19  
7  11  13  13  14  15  19  
1  2  3  4  5  10  11  
1  2  3  14  17  18  19  
2  3  4  10  11  12  13  
3  4  5  6  7  13  15  
2  6  8  10  11  16  19  
1  2  3  4  5  16  17  
1  2  3  4  5  11  11  
3  4  5  6  7  8  15  
1  2  8  11  12  13  18  
1  8  9  10  11  12  18  
3  5  6  7  8  11  15  
1  2  3  4  5  10  12  
2  4  10  11  12  13  16  
3  6  9  10  11  12  12  
1  5  8  9  10  11  13  
3  5  6  7  8  10  15  
7  8  11  14  15  18  19  
1  3  8  10  11  12  13  
1  2  3  4  5  14  19  
4  8  10  11  12  13  17  
2  3  6  9  10  11  18  
1  2  3  4  5  18  20  
1  8  9  10  11  16  20  
3  5  6  7  15  16  16  
2  4  5  10  11  12  13  
1  6  8  11  12  13  19  
2  6  7  10  16  18  19  
3  6  7  9  10  11  16  
1  8  9  10  11  15  15  
1  2  3  10  14  17  18  
1  3  8  9  10  11  17  
3  4  10  11  12  13  20  
1  2  3  4  17  18  20  
1  6  8  11  12  13  17  
3  6  9  10  11  16  18  
1  3  8  9  10  11  12  
3  5  6  7  8  15  17  
1  3  5  6  9  10  11  
1  2  8  10  11  12  13  
1  2  3  4  11  17  18  
2  6  10  11  13  16  19  
1  8  9  10  11  12  18  
1  2  3  4  5  12  18  
7  9  11  13  14  15  19  
3  5  6  7  11  15  18  
1  2  3  13  17  18  19  
1  2  6  9  10  16  19  
4  4  7  11  14  15  19  
1  2  7  11  14  15  19  
7  11  14  15  17  17  19  
2  3  6  10  16  17  19  
1  2  3  4  5  6  19  
3  6  9  10  11  15  17  
8  12  13  13  14  16  17  
1  8  9  10  11  12  13  
8  11  12  14  15  16  17  
1  2  3  4  5  8  12  
3  6  7  9  10  11  20  
1  4  8  12  14  16  17  
1  2  3  4  5  11  14  
1  3  4  10  11  12  13  
3  6  9  10  11  13  16  
2  8  12  14  15  16  17  
4  7  11  14  15  17  19  
1  2  6  10  15  16  19  
1  8  10  11  12  13  20  
3  5  6  7  13  15  17  
1  8  11  12  13  18  18  
1  4  8  9  10  11  14  
1  2  3  4  5  7  16  
1  3  6  8  9  10  11  
1  8  11  12  13  15  18  
6  7  11  13  14  15  19  
3  6  7  7  9  10  11  
1  4  5  10  11  12  13  
1  2  3  10  17  18  20  
1  2  3  4  5  6  11  
1  7  8  9  10  11  17  
5  7  11  14  15  19  20  
3  4  5  6  7  14  15  
1  3  5  6  7  10  15  
1  2  3  7  8  17  18  
1  7  8  9  10  11  20  
4  5  10  11  12  13  14  
3  6  9  10  11  16  19  
5  8  10  12  14  16  17  
1  4  8  9  10  11  12  
3  5  6  7  9  15  17  
1  5  8  11  12  13  19  
1  2  3  6  6  17  18  
4  9  10  11  12  13  16  
1  8  10  10  11  12  13  
2  6  8  9  10  16  19  
1  6  7  8  9  10  11  
2  4  10  11  12  13  14  
1  2  3  4  5  6  9  
2  3  5  6  7  9  15  
1  4  8  12  14  16  17  
3  4  6  10  11  12  13  
2  8  12  14  15  16  17  
1  7  11  13  14  15  19  
1  3  6  8  9  10  11  
8  11  12  13  14  16  17  
2  3  4  5  6  7  15  
2  6  8  10  16  17  19  
3  6  9  10  11  17  17  
1  8  10  11  12  13  14  
3  6  8  9  10  11  19  
1  2  3  9  14  17  18  
1  8  9  10  11  12  19  
1  8  11  12  13  17  17  
7  8  11  12  14  16  17  
1  8  9  10  11  15  15  
7  10  11  14  15  17  19  
1  8  9  10  11  18  19  
4  10  11  12  13  18  18  
1  4  8  11  12  13  19  
2  6  10  11  13  16  19  
1  2  3  4  5  8  20  
2  5  6  10  11  16  19  
1  8  9  10  11  13  19  
4  7  11  14  15  17  19  
1  3  5  6  7  14  15  
1  8  9  10  11  14  17  
1  8  11  12  13  17  17  
1  4  8  11  12  13  20  
3  4  10  11  12  13  18  
1  7  8  9  10  11  19  
1  3  6  8  9  10  11  
4  7  10  11  14  15  19  
4  9  10  11  12  13  15  
2  3  6  9  10  16  19  
6  6  8  12  14  16  17  
1  2  3  4  5  17  19  
6  7  8  11  14  15  19  
1  2  8  9  10  11  13  
3  5  6  7  8  11  15  
4  10  11  12  13  16  20  
1  2  3  4  5  15  17  
3  7  11  14  15  16  19  
1  2  3  4  5  8  13  
1  3  6  9  10  11  18  
3  4  5  6  7  13  15  
2  8  12  14  16  17  18  
7  11  13  14  15  17  19  
1  2  3  4  5  7  18  
1  2  3  5  17  18  20  
2  6  8  10  13  16  19  
8  10  11  12  14  16  17  
1  2  3  4  5  12  13  
3  5  6  7  9  15  18  
1  2  3  4  5  11  18  
7  9  11  14  15  17  19  
3  5  6  9  10  11  14  
1  2  3  10  14  17  18  
7  8  12  14  15  16  17  
1  4  10  11  12  13  20  
1  2  3  4  4  17  18  
2  6  10  11  14  16  19  
1  2  3  4  5  6  13  
1  2  3  4  15  17  18  
1  2  3  4  5  6  17  
1  5  8  9  10  11  13  
3  6  7  11  14  15  19  
2  4  10  11  12  13  20  
1  2  3  4  5  14  18  
2  3  7  11  14  15  19  
3  6  9  10  11  17  19  
1  6  7  11  14  15  19  
6  7  11  14  15  16  19  
1  2  3  8  17  18  20  
4  6  9  10  11  12  13  
1  3  3  8  11  12  13  
1  2  6  10  13  16  19  
3  5  6  7  9  14  15  
7  10  11  14  15  16  19  
4  10  11  12  13  16  17  
1  3  8  11  12  13  19  
1  2  6  8  11  12  13  
2  6  9  10  16  17  19  
3  6  7  9  10  11  17  
1  8  11  12  13  18  19  
7  8  9  12  14  16  17  
2  7  11  13  14  15  19  
7  8  11  13  14  15  19  
2  4  6  10  11  12  13  
1  8  9  10  11  14  16  
6  7  11  14  15  16  19  
8  12  14  15  16  17  18  
1  8  9  10  11  17  19  
3  6  9  10  11  16  17  
1  3  5  6  9  10  11  
3  5  6  9  10  11  12  
1  2  3  13  17  18  19  
3  5  8  12  14  16  17  
1  2  3  4  5  16  19  
1  8  9  10  11  12  18  
4  7  11  14  15  18  19  
1  2  3  11  15  17  18  
1  2  3  7  16  17  18  
1  2  3  4  11  17  18  
3  6  8  9  10  11  13  
1  2  3  5  8  17  18  
4  10  11  12  13  18  18  
1  8  11  12  13  15  20  
1  8  9  10  11  13  17  
1  3  8  10  11  12  13  
7  10  11  14  15  18  19  
4  7  10  11  12  13  17  
5  6  7  11  14  15  19  
3  6  9  10  11  12  14  
6  8  12  14  15  16  17  
1  1  3  6  9  10  11  
1  8  12  14  16  17  19  
3  5  6  7  8  10  15  
3  6  8  12  14  16  17  
5  7  11  13  14  15  19  
1  2  3  4  5  9  9  
3  7  11  14  15  19  20  
1  2  6  10  16  18  19  
2  7  11  14  15  18  19  
1  2  3  4  5  6  19  
1  2  3  5  7  17  18  
1  5  5  8  11  12  13  
3  7  8  12  14  16  17  
3  6  8  9  10  11  16  
1  6  8  11  12  13  18  
6  6  8  12  14  16  17  
1  2  8  9  10  11  18  
4  5  10  11  12  13  19  
6  8  12  14  16  17  19  
7  10  11  12  14  15  19  
8  10  12  14  15  16  17  
3  5  6  9  10  11  13  
1  3  8  9  10  11  18  
7  10  11  14  15  19  20  
3  4  5  6  7  13  15  
1  8  9  10  11  12  15  
1  8  9  10  11  14  18  
1  2  8  9  10  11  19  
1  8  9  10  11  13  14  
1  2  3  4  5  6  9  
1  2  3  6  9  10  11  
2  3  6  9  10  16  19  
3  7  10  11  14  15  19  
2  6  10  11  16  17  19  
1  2  3  4  5  6  9  
3  6  7  9  10  11  15  
3  6  9  10  11  14  16  
7  8  12  14  15  16  17  
2  6  10  13  13  16  19  
1  2  3  4  5  11  13  
2  5  6  10  11  16  19  
1  5  6  8  9  10  11  
1  2  8  11  12  13  17  
1  2  3  4  5  14  16  
4  7  8  11  14  15  19  
1  2  3  4  5  8  13  
2  6  10  15  16  17  19  
1  7  8  9  10  11  15  
6  7  8  12  14  16  17  
1  4  6  8  9  10  11  
1  4  10  11  12  13  18  
2  3  5  6  7  10  15  
1  4  10  11  12  13  17  
1  2  3  12  17  18  19  
1  6  6  8  11  12  13  
1  8  9  10  11  13  18  
3  4  5  6  7  13  15  
1  6  8  9  10  11  16  
4  7  9  11  14  15  19  
3  5  6  7  14  15  17  
3  4  6  9  10  11  15  
3  6  8  9  10  11  15  
1  8  9  10  11  16  19  
2  3  6  9  10  11  19  
1  2  3  5  7  17  18  
1  3  7  11  14  15  19  
3  5  6  7  9  15  17  
4  10  11  12  13  19  19  
1  2  3  10  13  17  18  
1  8  11  12  13  17  19  
1  7  8  9  10  11  18  
4  6  10  11  12  13  19  
1  2  3  4  5  8  17  
1  8  9  10  11  14  14  
2  7  11  14  15  16  19  
1  2  3  6  11  17  18  
